pcc_con_mae:  [0.6217784182361765]
pvl_mae [0.47963429876926933]
pc_maes:  [1.5128213170685327]
pearson_maes:  [0.01673942251439155]
nrmse_mae:  [249983.55542442997]
